org.apache.commons.math.linear.EigenDecompositionImpl,871,1
org.apache.commons.math.linear.EigenDecompositionImpl,872,1
org.apache.commons.math.linear.EigenDecompositionImpl,944,1
org.apache.commons.math.linear.EigenDecompositionImpl,945,1
org.apache.commons.math.linear.EigenDecompositionImpl,957,1
org.apache.commons.math.linear.EigenDecompositionImpl,958,1
org.apache.commons.math.linear.EigenDecompositionImpl,959,1
org.apache.commons.math.linear.EigenDecompositionImpl,960,1
org.apache.commons.math.linear.EigenDecompositionImpl,1055,1
org.apache.commons.math.linear.EigenDecompositionImpl,1056,1
org.apache.commons.math.linear.EigenDecompositionImpl,1059,1
org.apache.commons.math.linear.EigenDecompositionImpl,1062,1
org.apache.commons.math.linear.EigenDecompositionImpl,1063,1
org.apache.commons.math.linear.EigenDecompositionImpl,1135,1
org.apache.commons.math.linear.EigenDecompositionImpl,1136,1
org.apache.commons.math.linear.EigenDecompositionImpl,1137,1
org.apache.commons.math.linear.EigenDecompositionImpl,1138,1
org.apache.commons.math.linear.EigenDecompositionImpl,1139,1
org.apache.commons.math.linear.EigenDecompositionImpl,1140,1
org.apache.commons.math.linear.EigenDecompositionImpl,1142,1
org.apache.commons.math.linear.EigenDecompositionImpl,1144,1
org.apache.commons.math.linear.EigenDecompositionImpl,1384,1
org.apache.commons.math.linear.EigenDecompositionImpl,1385,1
org.apache.commons.math.linear.EigenDecompositionImpl,1386,1
org.apache.commons.math.linear.EigenDecompositionImpl,1387,1
org.apache.commons.math.linear.EigenDecompositionImpl,1404,1
org.apache.commons.math.linear.EigenDecompositionImpl,1405,1
org.apache.commons.math.linear.EigenDecompositionImpl,1406,1
org.apache.commons.math.linear.EigenDecompositionImpl,1407,1
org.apache.commons.math.linear.EigenDecompositionImpl,1414,1
org.apache.commons.math.linear.EigenDecompositionImpl,1415,1
org.apache.commons.math.linear.EigenDecompositionImpl,1090,0.707
org.apache.commons.math.linear.EigenDecompositionImpl,1091,0.707
org.apache.commons.math.linear.EigenDecompositionImpl,1092,0.707
org.apache.commons.math.linear.EigenDecompositionImpl,1093,0.707
org.apache.commons.math.linear.EigenDecompositionImpl,336,0.577
org.apache.commons.math.linear.EigenDecompositionImpl,337,0.577
org.apache.commons.math.linear.EigenDecompositionImpl,339,0.577
org.apache.commons.math.linear.EigenDecompositionImpl,1105,0.5
org.apache.commons.math.linear.EigenDecompositionImpl,1106,0.5
org.apache.commons.math.linear.EigenDecompositionImpl,1530,0.5
org.apache.commons.math.linear.EigenDecompositionImpl,1531,0.5
org.apache.commons.math.linear.EigenDecompositionImpl,1534,0.5
org.apache.commons.math.linear.EigenDecompositionImpl,1535,0.5
org.apache.commons.math.linear.EigenDecompositionImpl,1536,0.5
org.apache.commons.math.linear.EigenDecompositionImpl,1537,0.5
org.apache.commons.math.linear.EigenDecompositionImpl,1538,0.5
org.apache.commons.math.linear.EigenDecompositionImpl,1541,0.5
org.apache.commons.math.linear.EigenDecompositionImpl,1544,0.5
org.apache.commons.math.linear.EigenDecompositionImpl,1564,0.5
org.apache.commons.math.linear.EigenDecompositionImpl,1565,0.5
org.apache.commons.math.linear.ArrayRealVector,225,0.408
org.apache.commons.math.linear.ArrayRealVector,870,0.378
org.apache.commons.math.linear.ArrayRealVector,900,0.378
org.apache.commons.math.linear.EigenDecompositionImpl,1488,0.333
org.apache.commons.math.linear.EigenDecompositionImpl,1489,0.333
org.apache.commons.math.linear.EigenDecompositionImpl,1490,0.333
org.apache.commons.math.linear.EigenDecompositionImpl,1491,0.333
org.apache.commons.math.linear.EigenDecompositionImpl,1494,0.333
org.apache.commons.math.linear.EigenDecompositionImpl,1495,0.333
org.apache.commons.math.linear.EigenDecompositionImpl,1498,0.333
org.apache.commons.math.linear.EigenDecompositionImpl,1499,0.333
org.apache.commons.math.linear.EigenDecompositionImpl,1085,0.316
org.apache.commons.math.linear.EigenDecompositionImpl,1094,0.316
org.apache.commons.math.linear.EigenDecompositionImpl,1096,0.316
org.apache.commons.math.linear.EigenDecompositionImpl,1099,0.316
org.apache.commons.math.linear.EigenDecompositionImpl,1101,0.316
org.apache.commons.math.linear.EigenDecompositionImpl,1102,0.316
org.apache.commons.math.linear.ArrayRealVector,905,0.302
org.apache.commons.math.linear.ArrayRealVector,906,0.302
org.apache.commons.math.linear.ArrayRealVector,907,0.302
org.apache.commons.math.linear.ArrayRealVector,909,0.302
org.apache.commons.math.linear.EigenDecompositionImpl,666,0.302
org.apache.commons.math.linear.EigenDecompositionImpl,667,0.302
org.apache.commons.math.linear.EigenDecompositionImpl,1475,0.302
org.apache.commons.math.linear.EigenDecompositionImpl,1476,0.302
org.apache.commons.math.linear.EigenDecompositionImpl,1479,0.302
org.apache.commons.math.linear.EigenDecompositionImpl,1503,0.302
org.apache.commons.math.linear.EigenDecompositionImpl,1504,0.302
org.apache.commons.math.linear.EigenDecompositionImpl,1518,0.302
org.apache.commons.math.linear.EigenDecompositionImpl,1521,0.302
org.apache.commons.math.linear.EigenDecompositionImpl,1522,0.302
org.apache.commons.math.linear.EigenDecompositionImpl,1524,0.302
org.apache.commons.math.linear.EigenDecompositionImpl,1356,0.25
org.apache.commons.math.linear.EigenDecompositionImpl,1027,0.25
org.apache.commons.math.linear.EigenDecompositionImpl,1028,0.25
org.apache.commons.math.linear.EigenDecompositionImpl,1029,0.25
org.apache.commons.math.linear.EigenDecompositionImpl,1030,0.25
org.apache.commons.math.linear.EigenDecompositionImpl,1034,0.25
org.apache.commons.math.linear.EigenDecompositionImpl,1035,0.25
org.apache.commons.math.linear.EigenDecompositionImpl,1036,0.25
org.apache.commons.math.linear.EigenDecompositionImpl,827,0.243
org.apache.commons.math.linear.EigenDecompositionImpl,828,0.243
org.apache.commons.math.linear.EigenDecompositionImpl,829,0.243
org.apache.commons.math.linear.EigenDecompositionImpl,830,0.243
org.apache.commons.math.linear.EigenDecompositionImpl,831,0.243
org.apache.commons.math.linear.EigenDecompositionImpl,834,0.243
org.apache.commons.math.linear.EigenDecompositionImpl,840,0.243
org.apache.commons.math.linear.EigenDecompositionImpl,843,0.243
org.apache.commons.math.linear.EigenDecompositionImpl,846,0.243
org.apache.commons.math.linear.EigenDecompositionImpl,847,0.243
org.apache.commons.math.linear.EigenDecompositionImpl,848,0.243
org.apache.commons.math.linear.EigenDecompositionImpl,849,0.243
org.apache.commons.math.linear.EigenDecompositionImpl,850,0.243
org.apache.commons.math.linear.EigenDecompositionImpl,851,0.243
org.apache.commons.math.linear.EigenDecompositionImpl,852,0.243
org.apache.commons.math.linear.EigenDecompositionImpl,855,0.243
org.apache.commons.math.linear.EigenDecompositionImpl,856,0.243
org.apache.commons.math.linear.EigenDecompositionImpl,857,0.243
org.apache.commons.math.linear.EigenDecompositionImpl,860,0.243
org.apache.commons.math.linear.EigenDecompositionImpl,861,0.243
org.apache.commons.math.linear.EigenDecompositionImpl,864,0.243
org.apache.commons.math.linear.EigenDecompositionImpl,865,0.243
org.apache.commons.math.linear.EigenDecompositionImpl,866,0.243
org.apache.commons.math.linear.EigenDecompositionImpl,867,0.243
org.apache.commons.math.linear.EigenDecompositionImpl,868,0.243
org.apache.commons.math.linear.EigenDecompositionImpl,869,0.243
org.apache.commons.math.linear.EigenDecompositionImpl,870,0.243
org.apache.commons.math.linear.EigenDecompositionImpl,874,0.243
org.apache.commons.math.linear.EigenDecompositionImpl,875,0.243
org.apache.commons.math.linear.EigenDecompositionImpl,876,0.243
org.apache.commons.math.linear.EigenDecompositionImpl,878,0.243
org.apache.commons.math.linear.EigenDecompositionImpl,879,0.243
org.apache.commons.math.linear.EigenDecompositionImpl,881,0.243
org.apache.commons.math.linear.EigenDecompositionImpl,884,0.243
org.apache.commons.math.linear.EigenDecompositionImpl,886,0.243
org.apache.commons.math.linear.EigenDecompositionImpl,887,0.243
org.apache.commons.math.linear.EigenDecompositionImpl,888,0.243
org.apache.commons.math.linear.EigenDecompositionImpl,889,0.243
org.apache.commons.math.linear.EigenDecompositionImpl,894,0.243
org.apache.commons.math.linear.EigenDecompositionImpl,895,0.243
org.apache.commons.math.linear.EigenDecompositionImpl,899,0.243
org.apache.commons.math.linear.EigenDecompositionImpl,937,0.243
org.apache.commons.math.linear.EigenDecompositionImpl,938,0.243
org.apache.commons.math.linear.EigenDecompositionImpl,941,0.243
org.apache.commons.math.linear.EigenDecompositionImpl,942,0.243
org.apache.commons.math.linear.EigenDecompositionImpl,943,0.243
org.apache.commons.math.linear.EigenDecompositionImpl,947,0.243
org.apache.commons.math.linear.EigenDecompositionImpl,952,0.243
org.apache.commons.math.linear.EigenDecompositionImpl,953,0.243
org.apache.commons.math.linear.EigenDecompositionImpl,954,0.243
org.apache.commons.math.linear.EigenDecompositionImpl,955,0.243
org.apache.commons.math.linear.EigenDecompositionImpl,956,0.243
org.apache.commons.math.linear.EigenDecompositionImpl,961,0.243
org.apache.commons.math.linear.EigenDecompositionImpl,963,0.243
org.apache.commons.math.linear.EigenDecompositionImpl,964,0.243
org.apache.commons.math.linear.EigenDecompositionImpl,965,0.243
org.apache.commons.math.linear.EigenDecompositionImpl,971,0.243
org.apache.commons.math.linear.EigenDecompositionImpl,974,0.243
org.apache.commons.math.linear.EigenDecompositionImpl,993,0.243
org.apache.commons.math.linear.EigenDecompositionImpl,996,0.243
org.apache.commons.math.linear.EigenDecompositionImpl,997,0.243
org.apache.commons.math.linear.EigenDecompositionImpl,999,0.243
org.apache.commons.math.linear.EigenDecompositionImpl,1001,0.243
org.apache.commons.math.linear.EigenDecompositionImpl,1004,0.243
org.apache.commons.math.linear.EigenDecompositionImpl,1006,0.243
org.apache.commons.math.linear.EigenDecompositionImpl,1012,0.243
org.apache.commons.math.linear.EigenDecompositionImpl,1013,0.243
org.apache.commons.math.linear.EigenDecompositionImpl,1015,0.243
org.apache.commons.math.linear.EigenDecompositionImpl,1020,0.243
org.apache.commons.math.linear.EigenDecompositionImpl,1026,0.243
org.apache.commons.math.linear.EigenDecompositionImpl,1038,0.243
org.apache.commons.math.linear.EigenDecompositionImpl,1039,0.243
org.apache.commons.math.linear.EigenDecompositionImpl,1040,0.243
org.apache.commons.math.linear.EigenDecompositionImpl,1044,0.243
org.apache.commons.math.linear.EigenDecompositionImpl,1050,0.243
org.apache.commons.math.linear.EigenDecompositionImpl,1053,0.243
org.apache.commons.math.linear.EigenDecompositionImpl,1054,0.243
org.apache.commons.math.linear.EigenDecompositionImpl,1067,0.243
org.apache.commons.math.linear.EigenDecompositionImpl,1072,0.243
org.apache.commons.math.linear.EigenDecompositionImpl,1075,0.243
org.apache.commons.math.linear.EigenDecompositionImpl,1078,0.243
org.apache.commons.math.linear.EigenDecompositionImpl,1081,0.243
org.apache.commons.math.linear.EigenDecompositionImpl,1083,0.243
org.apache.commons.math.linear.EigenDecompositionImpl,1084,0.243
org.apache.commons.math.linear.EigenDecompositionImpl,1119,0.243
org.apache.commons.math.linear.EigenDecompositionImpl,1121,0.243
org.apache.commons.math.linear.EigenDecompositionImpl,1133,0.243
org.apache.commons.math.linear.EigenDecompositionImpl,1146,0.243
org.apache.commons.math.linear.EigenDecompositionImpl,1158,0.243
org.apache.commons.math.linear.EigenDecompositionImpl,1159,0.243
org.apache.commons.math.linear.EigenDecompositionImpl,1160,0.243
org.apache.commons.math.linear.EigenDecompositionImpl,1161,0.243
org.apache.commons.math.linear.EigenDecompositionImpl,1162,0.243
org.apache.commons.math.linear.EigenDecompositionImpl,1163,0.243
org.apache.commons.math.linear.EigenDecompositionImpl,1164,0.243
org.apache.commons.math.linear.EigenDecompositionImpl,1168,0.243
org.apache.commons.math.linear.EigenDecompositionImpl,1169,0.243
org.apache.commons.math.linear.EigenDecompositionImpl,1170,0.243
org.apache.commons.math.linear.EigenDecompositionImpl,1171,0.243
org.apache.commons.math.linear.EigenDecompositionImpl,1173,0.243
org.apache.commons.math.linear.EigenDecompositionImpl,1176,0.243
org.apache.commons.math.linear.EigenDecompositionImpl,1177,0.243
org.apache.commons.math.linear.EigenDecompositionImpl,1178,0.243
org.apache.commons.math.linear.EigenDecompositionImpl,1180,0.243
org.apache.commons.math.linear.EigenDecompositionImpl,1181,0.243
org.apache.commons.math.linear.EigenDecompositionImpl,1184,0.243
org.apache.commons.math.linear.EigenDecompositionImpl,1187,0.243
org.apache.commons.math.linear.EigenDecompositionImpl,1188,0.243
org.apache.commons.math.linear.EigenDecompositionImpl,1189,0.243
org.apache.commons.math.linear.EigenDecompositionImpl,1191,0.243
org.apache.commons.math.linear.EigenDecompositionImpl,1195,0.243
org.apache.commons.math.linear.EigenDecompositionImpl,1198,0.243
org.apache.commons.math.linear.EigenDecompositionImpl,1199,0.243
org.apache.commons.math.linear.EigenDecompositionImpl,1200,0.243
org.apache.commons.math.linear.EigenDecompositionImpl,1202,0.243
org.apache.commons.math.linear.EigenDecompositionImpl,1203,0.243
org.apache.commons.math.linear.EigenDecompositionImpl,1206,0.243
org.apache.commons.math.linear.EigenDecompositionImpl,1209,0.243
org.apache.commons.math.linear.EigenDecompositionImpl,1210,0.243
org.apache.commons.math.linear.EigenDecompositionImpl,1211,0.243
org.apache.commons.math.linear.EigenDecompositionImpl,1213,0.243
org.apache.commons.math.linear.EigenDecompositionImpl,1217,0.243
org.apache.commons.math.linear.EigenDecompositionImpl,1219,0.243
org.apache.commons.math.linear.EigenDecompositionImpl,1231,0.243
org.apache.commons.math.linear.EigenDecompositionImpl,1232,0.243
org.apache.commons.math.linear.EigenDecompositionImpl,1233,0.243
org.apache.commons.math.linear.EigenDecompositionImpl,1234,0.243
org.apache.commons.math.linear.EigenDecompositionImpl,1235,0.243
org.apache.commons.math.linear.EigenDecompositionImpl,1236,0.243
org.apache.commons.math.linear.EigenDecompositionImpl,1239,0.243
org.apache.commons.math.linear.EigenDecompositionImpl,1254,0.243
org.apache.commons.math.linear.EigenDecompositionImpl,1255,0.243
org.apache.commons.math.linear.EigenDecompositionImpl,1256,0.243
org.apache.commons.math.linear.EigenDecompositionImpl,1257,0.243
org.apache.commons.math.linear.EigenDecompositionImpl,1258,0.243
org.apache.commons.math.linear.EigenDecompositionImpl,1259,0.243
org.apache.commons.math.linear.EigenDecompositionImpl,1260,0.243
org.apache.commons.math.linear.EigenDecompositionImpl,1261,0.243
org.apache.commons.math.linear.EigenDecompositionImpl,1262,0.243
org.apache.commons.math.linear.EigenDecompositionImpl,1274,0.243
org.apache.commons.math.linear.EigenDecompositionImpl,1275,0.243
org.apache.commons.math.linear.EigenDecompositionImpl,1276,0.243
org.apache.commons.math.linear.EigenDecompositionImpl,1277,0.243
org.apache.commons.math.linear.EigenDecompositionImpl,1279,0.243
org.apache.commons.math.linear.EigenDecompositionImpl,1280,0.243
org.apache.commons.math.linear.EigenDecompositionImpl,1289,0.243
org.apache.commons.math.linear.EigenDecompositionImpl,1300,0.243
org.apache.commons.math.linear.EigenDecompositionImpl,1301,0.243
org.apache.commons.math.linear.EigenDecompositionImpl,1302,0.243
org.apache.commons.math.linear.EigenDecompositionImpl,1303,0.243
org.apache.commons.math.linear.EigenDecompositionImpl,1304,0.243
org.apache.commons.math.linear.EigenDecompositionImpl,1305,0.243
org.apache.commons.math.linear.EigenDecompositionImpl,1306,0.243
org.apache.commons.math.linear.EigenDecompositionImpl,1307,0.243
org.apache.commons.math.linear.EigenDecompositionImpl,1309,0.243
org.apache.commons.math.linear.EigenDecompositionImpl,1310,0.243
org.apache.commons.math.linear.EigenDecompositionImpl,1311,0.243
org.apache.commons.math.linear.EigenDecompositionImpl,1312,0.243
org.apache.commons.math.linear.EigenDecompositionImpl,1313,0.243
org.apache.commons.math.linear.EigenDecompositionImpl,1314,0.243
org.apache.commons.math.linear.EigenDecompositionImpl,1315,0.243
org.apache.commons.math.linear.EigenDecompositionImpl,1317,0.243
org.apache.commons.math.linear.EigenDecompositionImpl,1318,0.243
org.apache.commons.math.linear.EigenDecompositionImpl,1331,0.243
org.apache.commons.math.linear.EigenDecompositionImpl,1332,0.243
org.apache.commons.math.linear.EigenDecompositionImpl,1333,0.243
org.apache.commons.math.linear.EigenDecompositionImpl,1335,0.243
org.apache.commons.math.linear.EigenDecompositionImpl,1336,0.243
org.apache.commons.math.linear.EigenDecompositionImpl,1337,0.243
org.apache.commons.math.linear.EigenDecompositionImpl,1338,0.243
org.apache.commons.math.linear.EigenDecompositionImpl,1343,0.243
org.apache.commons.math.linear.EigenDecompositionImpl,1345,0.243
org.apache.commons.math.linear.EigenDecompositionImpl,1346,0.243
org.apache.commons.math.linear.EigenDecompositionImpl,1347,0.243
org.apache.commons.math.linear.EigenDecompositionImpl,1352,0.243
org.apache.commons.math.linear.EigenDecompositionImpl,1353,0.243
org.apache.commons.math.linear.EigenDecompositionImpl,1378,0.243
org.apache.commons.math.linear.EigenDecompositionImpl,1379,0.243
org.apache.commons.math.linear.EigenDecompositionImpl,1380,0.243
org.apache.commons.math.linear.EigenDecompositionImpl,1381,0.243
org.apache.commons.math.linear.EigenDecompositionImpl,1382,0.243
org.apache.commons.math.linear.EigenDecompositionImpl,1383,0.243
org.apache.commons.math.linear.EigenDecompositionImpl,1388,0.243
org.apache.commons.math.linear.EigenDecompositionImpl,1390,0.243
org.apache.commons.math.linear.EigenDecompositionImpl,1391,0.243
org.apache.commons.math.linear.EigenDecompositionImpl,1392,0.243
org.apache.commons.math.linear.EigenDecompositionImpl,1397,0.243
org.apache.commons.math.linear.EigenDecompositionImpl,1399,0.243
org.apache.commons.math.linear.EigenDecompositionImpl,1400,0.243
org.apache.commons.math.linear.EigenDecompositionImpl,1401,0.243
org.apache.commons.math.linear.EigenDecompositionImpl,1402,0.243
org.apache.commons.math.linear.EigenDecompositionImpl,1403,0.243
org.apache.commons.math.linear.EigenDecompositionImpl,1408,0.243
org.apache.commons.math.linear.EigenDecompositionImpl,1410,0.243
org.apache.commons.math.linear.EigenDecompositionImpl,1411,0.243
org.apache.commons.math.linear.EigenDecompositionImpl,1412,0.243
org.apache.commons.math.linear.EigenDecompositionImpl,1417,0.243
org.apache.commons.math.linear.EigenDecompositionImpl,1419,0.243
org.apache.commons.math.linear.EigenDecompositionImpl,1420,0.243
org.apache.commons.math.linear.EigenDecompositionImpl,1433,0.243
org.apache.commons.math.linear.EigenDecompositionImpl,1434,0.243
org.apache.commons.math.linear.EigenDecompositionImpl,1435,0.243
org.apache.commons.math.linear.EigenDecompositionImpl,1439,0.243
org.apache.commons.math.linear.EigenDecompositionImpl,1445,0.243
org.apache.commons.math.linear.EigenDecompositionImpl,1446,0.243
org.apache.commons.math.linear.EigenDecompositionImpl,1451,0.243
org.apache.commons.math.linear.EigenDecompositionImpl,1452,0.243
org.apache.commons.math.linear.EigenDecompositionImpl,1453,0.243
org.apache.commons.math.linear.EigenDecompositionImpl,1455,0.243
org.apache.commons.math.linear.EigenDecompositionImpl,1457,0.243
org.apache.commons.math.linear.EigenDecompositionImpl,1458,0.243
org.apache.commons.math.linear.EigenDecompositionImpl,1459,0.243
org.apache.commons.math.linear.EigenDecompositionImpl,1460,0.243
org.apache.commons.math.linear.EigenDecompositionImpl,1461,0.243
org.apache.commons.math.linear.EigenDecompositionImpl,1527,0.243
org.apache.commons.math.linear.EigenDecompositionImpl,1683,0.243
org.apache.commons.math.linear.EigenDecompositionImpl,1684,0.243
org.apache.commons.math.linear.EigenDecompositionImpl,1685,0.243
org.apache.commons.math.linear.EigenDecompositionImpl,1686,0.243
org.apache.commons.math.linear.EigenDecompositionImpl,1687,0.243
org.apache.commons.math.linear.EigenDecompositionImpl,1689,0.243
org.apache.commons.math.linear.EigenDecompositionImpl,1690,0.243
org.apache.commons.math.linear.EigenDecompositionImpl,1691,0.243
org.apache.commons.math.linear.ArrayRealVector,884,0.213
org.apache.commons.math.linear.ArrayRealVector,885,0.213
org.apache.commons.math.linear.ArrayRealVector,886,0.213
org.apache.commons.math.linear.ArrayRealVector,887,0.213
org.apache.commons.math.linear.ArrayRealVector,889,0.213
org.apache.commons.math.linear.EigenDecompositionImpl,312,0.213
org.apache.commons.math.linear.EigenDecompositionImpl,1751,0.213
org.apache.commons.math.linear.EigenDecompositionImpl,1752,0.213
org.apache.commons.math.linear.EigenDecompositionImpl,1770,0.213
org.apache.commons.math.linear.EigenDecompositionImpl,1771,0.213
org.apache.commons.math.linear.EigenDecompositionImpl,1772,0.213
org.apache.commons.math.linear.EigenDecompositionImpl,1700,0.209
org.apache.commons.math.linear.EigenDecompositionImpl,1701,0.209
org.apache.commons.math.linear.EigenDecompositionImpl,1704,0.209
org.apache.commons.math.linear.EigenDecompositionImpl,1705,0.209
org.apache.commons.math.linear.EigenDecompositionImpl,1707,0.209
org.apache.commons.math.linear.EigenDecompositionImpl,1708,0.209
org.apache.commons.math.linear.EigenDecompositionImpl,1709,0.209
org.apache.commons.math.linear.EigenDecompositionImpl,1710,0.209
org.apache.commons.math.linear.EigenDecompositionImpl,1711,0.209
org.apache.commons.math.linear.EigenDecompositionImpl,1712,0.209
org.apache.commons.math.linear.EigenDecompositionImpl,1713,0.209
org.apache.commons.math.linear.EigenDecompositionImpl,1714,0.209
org.apache.commons.math.linear.EigenDecompositionImpl,1715,0.209
org.apache.commons.math.linear.EigenDecompositionImpl,1719,0.209
org.apache.commons.math.linear.EigenDecompositionImpl,1720,0.209
org.apache.commons.math.linear.EigenDecompositionImpl,1739,0.209
org.apache.commons.math.linear.EigenDecompositionImpl,1740,0.209
org.apache.commons.math.linear.EigenDecompositionImpl,1741,0.209
org.apache.commons.math.linear.EigenDecompositionImpl,1745,0.209
org.apache.commons.math.linear.EigenDecompositionImpl,1746,0.209
org.apache.commons.math.linear.EigenDecompositionImpl,1747,0.209
org.apache.commons.math.linear.EigenDecompositionImpl,1748,0.209
org.apache.commons.math.linear.EigenDecompositionImpl,1749,0.209
org.apache.commons.math.linear.EigenDecompositionImpl,1750,0.209
org.apache.commons.math.linear.EigenDecompositionImpl,1754,0.209
org.apache.commons.math.linear.EigenDecompositionImpl,1759,0.209
org.apache.commons.math.linear.EigenDecompositionImpl,1760,0.209
org.apache.commons.math.linear.EigenDecompositionImpl,1761,0.209
org.apache.commons.math.linear.EigenDecompositionImpl,1762,0.209
org.apache.commons.math.linear.EigenDecompositionImpl,1763,0.209
org.apache.commons.math.linear.EigenDecompositionImpl,1764,0.209
org.apache.commons.math.linear.EigenDecompositionImpl,1765,0.209
org.apache.commons.math.linear.EigenDecompositionImpl,1766,0.209
org.apache.commons.math.linear.EigenDecompositionImpl,1768,0.209
org.apache.commons.math.linear.EigenDecompositionImpl,1769,0.209
org.apache.commons.math.linear.EigenDecompositionImpl,1776,0.209
org.apache.commons.math.linear.EigenDecompositionImpl,1777,0.209
org.apache.commons.math.linear.EigenDecompositionImpl,1778,0.209
org.apache.commons.math.linear.EigenDecompositionImpl,1781,0.209
org.apache.commons.math.linear.EigenDecompositionImpl,1797,0.209
org.apache.commons.math.linear.EigenDecompositionImpl,1798,0.209
org.apache.commons.math.linear.EigenDecompositionImpl,1799,0.209
org.apache.commons.math.linear.EigenDecompositionImpl,1800,0.209
org.apache.commons.math.linear.EigenDecompositionImpl,1801,0.209
org.apache.commons.math.linear.EigenDecompositionImpl,1802,0.209
org.apache.commons.math.linear.EigenDecompositionImpl,1803,0.209
org.apache.commons.math.linear.EigenDecompositionImpl,1804,0.209
org.apache.commons.math.linear.EigenDecompositionImpl,1805,0.209
org.apache.commons.math.linear.EigenDecompositionImpl,1806,0.209
org.apache.commons.math.linear.EigenDecompositionImpl,1807,0.209
org.apache.commons.math.linear.EigenDecompositionImpl,1808,0.209
org.apache.commons.math.linear.EigenDecompositionImpl,1809,0.209
org.apache.commons.math.linear.EigenDecompositionImpl,1811,0.209
org.apache.commons.math.linear.EigenDecompositionImpl,1812,0.209
org.apache.commons.math.linear.EigenDecompositionImpl,1825,0.209
org.apache.commons.math.linear.EigenDecompositionImpl,1826,0.209
org.apache.commons.math.linear.EigenDecompositionImpl,1827,0.209
org.apache.commons.math.linear.EigenDecompositionImpl,1828,0.209
org.apache.commons.math.linear.EigenDecompositionImpl,1829,0.209
org.apache.commons.math.linear.EigenDecompositionImpl,1830,0.209
org.apache.commons.math.linear.EigenDecompositionImpl,1831,0.209
org.apache.commons.math.linear.EigenDecompositionImpl,1832,0.209
org.apache.commons.math.linear.EigenDecompositionImpl,1833,0.209
org.apache.commons.math.linear.EigenDecompositionImpl,1834,0.209
org.apache.commons.math.linear.EigenDecompositionImpl,1835,0.209
org.apache.commons.math.linear.EigenDecompositionImpl,1836,0.209
org.apache.commons.math.linear.EigenDecompositionImpl,1837,0.209
org.apache.commons.math.linear.EigenDecompositionImpl,1839,0.209
org.apache.commons.math.linear.EigenDecompositionImpl,1840,0.209
org.apache.commons.math.linear.EigenDecompositionImpl,581,0.169
org.apache.commons.math.linear.EigenDecompositionImpl,582,0.169
org.apache.commons.math.linear.EigenDecompositionImpl,583,0.169
org.apache.commons.math.linear.EigenDecompositionImpl,584,0.169
org.apache.commons.math.linear.EigenDecompositionImpl,585,0.169
org.apache.commons.math.linear.EigenDecompositionImpl,587,0.169
org.apache.commons.math.linear.EigenDecompositionImpl,588,0.169
org.apache.commons.math.linear.EigenDecompositionImpl,589,0.169
org.apache.commons.math.linear.EigenDecompositionImpl,591,0.169
org.apache.commons.math.linear.EigenDecompositionImpl,592,0.169
org.apache.commons.math.linear.EigenDecompositionImpl,593,0.169
org.apache.commons.math.linear.EigenDecompositionImpl,679,0.169
org.apache.commons.math.linear.EigenDecompositionImpl,680,0.169
org.apache.commons.math.linear.EigenDecompositionImpl,681,0.169
org.apache.commons.math.linear.EigenDecompositionImpl,682,0.169
org.apache.commons.math.linear.EigenDecompositionImpl,698,0.169
org.apache.commons.math.linear.EigenDecompositionImpl,699,0.169
org.apache.commons.math.linear.EigenDecompositionImpl,700,0.169
org.apache.commons.math.linear.EigenDecompositionImpl,701,0.169
org.apache.commons.math.linear.EigenDecompositionImpl,237,0.167
org.apache.commons.math.linear.EigenDecompositionImpl,238,0.167
org.apache.commons.math.linear.EigenDecompositionImpl,239,0.167
org.apache.commons.math.linear.EigenDecompositionImpl,240,0.167
org.apache.commons.math.linear.EigenDecompositionImpl,243,0.167
org.apache.commons.math.linear.EigenDecompositionImpl,246,0.167
org.apache.commons.math.linear.EigenDecompositionImpl,249,0.167
org.apache.commons.math.linear.EigenDecompositionImpl,571,0.167
org.apache.commons.math.linear.EigenDecompositionImpl,572,0.167
org.apache.commons.math.linear.EigenDecompositionImpl,573,0.167
org.apache.commons.math.linear.EigenDecompositionImpl,574,0.167
org.apache.commons.math.linear.EigenDecompositionImpl,575,0.167
org.apache.commons.math.linear.EigenDecompositionImpl,576,0.167
org.apache.commons.math.linear.EigenDecompositionImpl,578,0.167
org.apache.commons.math.linear.EigenDecompositionImpl,579,0.167
org.apache.commons.math.linear.EigenDecompositionImpl,597,0.167
org.apache.commons.math.linear.EigenDecompositionImpl,598,0.167
org.apache.commons.math.linear.EigenDecompositionImpl,599,0.167
org.apache.commons.math.linear.EigenDecompositionImpl,600,0.167
org.apache.commons.math.linear.EigenDecompositionImpl,601,0.167
org.apache.commons.math.linear.EigenDecompositionImpl,602,0.167
org.apache.commons.math.linear.EigenDecompositionImpl,603,0.167
org.apache.commons.math.linear.EigenDecompositionImpl,604,0.167
org.apache.commons.math.linear.EigenDecompositionImpl,616,0.167
org.apache.commons.math.linear.EigenDecompositionImpl,619,0.167
org.apache.commons.math.linear.EigenDecompositionImpl,620,0.167
org.apache.commons.math.linear.EigenDecompositionImpl,621,0.167
org.apache.commons.math.linear.EigenDecompositionImpl,622,0.167
org.apache.commons.math.linear.EigenDecompositionImpl,623,0.167
org.apache.commons.math.linear.EigenDecompositionImpl,624,0.167
org.apache.commons.math.linear.EigenDecompositionImpl,672,0.167
org.apache.commons.math.linear.EigenDecompositionImpl,676,0.167
org.apache.commons.math.linear.EigenDecompositionImpl,677,0.167
org.apache.commons.math.linear.EigenDecompositionImpl,678,0.167
org.apache.commons.math.linear.EigenDecompositionImpl,693,0.167
org.apache.commons.math.linear.EigenDecompositionImpl,696,0.167
org.apache.commons.math.linear.EigenDecompositionImpl,697,0.167
org.apache.commons.math.linear.EigenDecompositionImpl,708,0.167
org.apache.commons.math.linear.EigenDecompositionImpl,709,0.167
org.apache.commons.math.linear.ArrayRealVector,269,0.164
org.apache.commons.math.linear.ArrayRealVector,283,0.164
org.apache.commons.math.linear.ArrayRealVector,284,0.164
org.apache.commons.math.linear.ArrayRealVector,285,0.164
org.apache.commons.math.linear.ArrayRealVector,286,0.164
org.apache.commons.math.linear.ArrayRealVector,288,0.164
org.apache.commons.math.linear.ArrayRealVector,299,0.164
org.apache.commons.math.linear.ArrayRealVector,1287,0.136
org.apache.commons.math.linear.Array2DRowRealMatrix,254,0.128
org.apache.commons.math.linear.Array2DRowRealMatrix,271,0.118
org.apache.commons.math.linear.Array2DRowRealMatrix,273,0.118
org.apache.commons.math.linear.Array2DRowRealMatrix,274,0.118
org.apache.commons.math.linear.Array2DRowRealMatrix,275,0.118
org.apache.commons.math.linear.Array2DRowRealMatrix,276,0.118
org.apache.commons.math.linear.Array2DRowRealMatrix,277,0.118
org.apache.commons.math.linear.Array2DRowRealMatrix,278,0.118
org.apache.commons.math.linear.Array2DRowRealMatrix,279,0.118
org.apache.commons.math.linear.Array2DRowRealMatrix,280,0.118
org.apache.commons.math.linear.Array2DRowRealMatrix,281,0.118
org.apache.commons.math.linear.Array2DRowRealMatrix,282,0.118
org.apache.commons.math.linear.Array2DRowRealMatrix,283,0.118
org.apache.commons.math.linear.Array2DRowRealMatrix,285,0.118
org.apache.commons.math.linear.Array2DRowRealMatrix,289,0.118
org.apache.commons.math.linear.AbstractRealMatrix,603,0.11
org.apache.commons.math.linear.AbstractRealMatrix,604,0.11
org.apache.commons.math.linear.AbstractRealMatrix,605,0.11
org.apache.commons.math.linear.AbstractRealMatrix,606,0.11
org.apache.commons.math.linear.AbstractRealMatrix,616,0.11
org.apache.commons.math.linear.AbstractRealMatrix,611,0.11
org.apache.commons.math.linear.Array2DRowRealMatrix,482,0.108
org.apache.commons.math.linear.Array2DRowRealMatrix,483,0.108
org.apache.commons.math.linear.Array2DRowRealMatrix,484,0.108
org.apache.commons.math.linear.Array2DRowRealMatrix,485,0.108
org.apache.commons.math.linear.Array2DRowRealMatrix,486,0.108
org.apache.commons.math.linear.Array2DRowRealMatrix,487,0.108
org.apache.commons.math.linear.Array2DRowRealMatrix,488,0.108
org.apache.commons.math.linear.Array2DRowRealMatrix,491,0.108
org.apache.commons.math.linear.AbstractRealMatrix,919,0.105
org.apache.commons.math.linear.DefaultRealMatrixPreservingVisitor,44,0.105
org.apache.commons.math.linear.Array2DRowRealMatrix,160,0.105
org.apache.commons.math.linear.MatrixUtils,650,0.104
org.apache.commons.math.linear.MatrixUtils,106,0.102
